[
    [[2, 5, 9], [5, 6, 7, 9], [], [1, 7], [5, 7, 9], [1, 9], [2, 4, 6, 9], [], [2, 4, 5, 6, 7]], 
    [[], [5, 6, 7, 9], [5, 6, 7], [], [], [], [], [5, 9], [5, 6, 7]], 
    [[2, 5, 9], [], [], [], [5, 7, 9], [], [2, 9], [], [2, 5, 7]], 
    [[], [], [1, 3], [], [], [], [3, 6, 9], [1, 9], [1, 3, 6]], 
    [[], [], [3, 5], [], [], [], [3, 4], [], [3, 4, 5]], 
    [[5, 9], [5, 7, 9], [1, 5, 7], [], [], [], [], [1, 2, 5], [1, 2, 5]], 
    [[], [], [], [1, 8], [], [], [2, 3], [1, 2], [1, 2, 3, 8]], 
    [[], [3, 5], [2, 5], [], [2, 9], [1, 3, 9], [], [], [1, 9]], 
    [[], [3, 6], [2, 6], [7, 8], [2, 7, 9], [3, 9], [], [], [8, 9]]
]